+48513586689
+48513740453
+48513203469
+48513960502
+48513669282
+48513408022
+48513487319
+48513712789
+48513720184
+48513908037
+48513216313
+48513465526
+48513958904
+48513966339
+48513509560
+48513648622
+48513775175
+48513809760
+48513903036
+48513665376
+48513861693
+48513168922
+48513973051
+48513309638
+48513125132
+48513746378
+48513858599
+48513494081
+48513153155
+48513702315
+48513379347
+48513746460
+48513522414
+48513299247
+48513437567
+48513520292
+48513131994
+48513341525
+48513749200
+48513498275
+48513932579
+48513835294
+48513742465
+48513142773
+48513811436
+48513911326
+48513725440
+48513363761
+48513422265
+48513249955
+48513625798
+48513580309
+48513951494
+48513171242
+48513799685
+48513194077
+48513759054
+48513957278
+48513866980
+48513851750
+48513632016
+48513980781
+48513255222
+48513645325
+48513568872
+48513840838
+48513795007
+48513496212
+48513902677
+48513541462
+48513488740
+48513191062
+48513282170
+48513850478
+48513773522
+48513134893
+48513825032
+48513401096
+48513809044
+48513410195
+48513708256
+48513787555
+48513551860
+48513514331
+48513613822
+48513223865
+48513241364
+48513892005
+48513122862
+48513994549
+48513985040
+48513415515
+48513563257
+48513717981
+48513511465
+48513124211
+48513120449
+48513412680
+48513222820
+48513172718
+48513557660
+48513444331
+48513192750
+48513947504
+48513834514
+48513348503
+48513257501
+48513480050
+48513426321
+48513676985
+48513594068
+48513695767
+48513874371
+48513139829
+48513401612
+48513810904
+48513846885
+48513465005
+48513411158
+48513327031
+48513142357
+48513785584
+48513137492
+48513697450
+48513160008
+48513336000
+48513625815
+48513682861
+48513151650
+48513408257
+48513941046
+48513261633
+48513235909
+48513131747
+48513205224
+48513171443
+48513738875
+48513396348
+48513961396
+48513318080
+48513286017
+48513762475
+48513466506
+48513479138
+48513398243
+48513532739
+48513218757
+48513900212
+48513725977
+48513941526
+48513414980
+48513231895
+48513134133
+48513807639
+48513625286
+48513439845
+48513160824
+48513718884
+48513557331
+48513622869
+48513867349
+48513710123
+48513938921
+48513130561
+48513912838
+48513433603
+48513664311
+48513696257
+48513506131
+48513946001
+48513337194
+48513438755
+48513610084
+48513251124
+48513849554
+48513902203
+48513399408
+48513352221
+48513542160
+48513601835
+48513179901
+48513564807
+48513318120
+48513363069
+48513586446
+48513215426
+48513174630
+48513158807
+48513159438
+48513654123
+48513330316
+48513124610
+48513343695
+48513546814
+48513550259
+48513192659
+48513929472
+48513877794
+48513844010
+48513321196
+48513277060
+48513400501
+48513575939
+48513247601
+48513925571
+48513424041
+48513605976
+48513928828
+48513149166
+48513966805
+48513628148
+48513919220
+48513751382
+48513441181
+48513713588
+48513253762
+48513128085
+48513525733
+48513870812
+48513573914
+48513308317
+48513160571
+48513929472
+48513596938
+48513532499
+48513781333
+48513858054
+48513758133
+48513322821
+48513206768
+48513589065
+48513640052
+48513489375
+48513188436
+48513759849
+48513836899
+48513159361
+48513239867
+48513981752
+48513712351
+48513968498
+48513732225
+48513893182
+48513199733
+48513563813
+48513526798
+48513646559
+48513264438
+48513538954
+48513826580
+48513364073
+48513918325
+48513307568
+48513416654
+48513867365
+48513711445
+48513223064
+48513983883
+48513752905
+48513808083
+48513633334
+48513672015
+48513946702
+48513157651
+48513133300
+48513559678
+48513628050
+48513699632
+48513955445
+48513513696
+48513534038
+48513204253
+48513305189
+48513856427
+48513732207
+48513386066
+48513266362
+48513399867
+48513757206
+48513586604
+48513763748
+48513589847
+48513754143
+48513219062
+48513822540
+48513164597
+48513703723
+48513223471
+48513390666
+48513531107
+48513270924
+48513717199
+48513735799
+48513530609
+48513965675
+48513371300
+48513677918
+48513139172
+48513124807
+48513134283
+48513275994
+48513991900
+48513565950
+48513926903
+48513707738
+48513165930
+48513906250
+48513550694
+48513843919
+48513518103
+48513947320
+48513902894
+48513605615
+48513394511
+48513382514
+48513823830
+48513864959
+48513190468
+48513878968
+48513747243
+48513489908
+48513186264
+48513347919
+48513403008
+48513230630
+48513176952
+48513975567
+48513197058
+48513742644
+48513626884
+48513343350
+48513194198
+48513387510
+48513790767
+48513226441
+48513437695
+48513418466
+48513338450
+48513565000
+48513322231
+48513275141
+48513127480
+48513564754
+48513272440
+48513823648
+48513712134
+48513423230
+48513777131
+48513224396
+48513708961
+48513512062
+48513874634
+48513720269
+48513854277
+48513584602
+48513866193
+48513661179
+48513708409
+48513793498
+48513837174
+48513948188
+48513753613
+48513197595
+48513272564
+48513675255
+48513598082
+48513129158
+48513352166
+48513564199
+48513140578
+48513433434
+48513656175
+48513656910
+48513140597
+48513754001
+48513316411
+48513783207
+48513638822